function map=choose_map(citySize)
%choose_map(citySize)
%citySize is the city number
%citySize has 5,15,30,34,100,131,237,255,343,512
mapreality=[
 116.46 39.92
  117.2 39.13
  121.48 31.22
  106.54 29.59
  91.11 29.97
  87.68 43.77
  106.27 38.47
  111.65 40.82
   108.33 22.84
   126.63 45.75
   125.35 43.88
   123.38 41.8
   114.48 38.03
   112.53 37.87
  101.74 36.56
   117 36.65
  113.6 34.76
 118.78 32.04
 117.27 31.86
 120.19 30.26
 119.3 26.08
 115.89 28.68
113 28.21
 114.31 30.52
 113.23 23.16
 121.5 25.05
 110.35 20.02
 103.73 36.03
108.95 34.27
 104.06 30.67
 106.71 26.57
 102.73 25.04
 114.1 22.2]; 
    map5=[
     7     7
     3     4
     8     4
     1     9
     4     1]; 
    map10=[
     7     2
     8     4
     3     7
     7     3
     4     4
     9     1
     6     1
     1     4
    10    10
    10     1] ;
map15=[
    3     7
     7     3
     4     9
     9     1
     6     2
     3     4
     8     4
     1     9
     1     5
     3     6
     2     3
     6     1
     5     8
     2     5
     1     8];
    map30=[
     1     7
     8     8
    10     4
     7     6
     8     7
     4     3
     7     8
     3     1
     8     2
     1     2
     9     8
     5     8
     3     2
     9    10
     5     9
     1     4
     1     5
     3     6
     2     3
     6     1
    10     8
     9     4
    10     7
     9     6
     6     8
     7     5
     1     8
     6     6
     8     4
     6     2] ;
 map100=[
     3    32
    89    25
    71    62
    46     9
   100    98
     5    22
    53    25
    78    26
    81    42
    69    61
    10    32
    77    44
    18    27
    80    81
     6    92
     2    80
    78    36
    34    18
    52    62
    83    85
    46    38
    30    56
    56    59
    38    27
    44    42
    78    56
    40    64
    64    49
    42    40
    61    38
    96    19
     7     4
    20     6
    60    56
    53    26
    79    10
    36    93
    12   100
    99    95
     1    71
    32    13
    84    28
    91    53
    41    28
     3     8
    29    59
    62     1
    85     3
    58    36
    88    92
    72    75
     9    40
    38    70
    80    19
    89    68
    77    71
    78   100
    70    84
    30    43
    31    73
    52    56
     4    24
    78    83
    66     9
    48    54
    90    21
    92    66
    99    56
     1    12
    96    75
    32    24
    90    87
    54    42
    76    24
    40    38
    72    36
    20    57
    17    43
    90    64
    15    80
    29    63
    76    83
     5    48
    29     2
    19    83
    10    24
    19    47
    66    37
    95    90
     2    30
    74    54
    62    59
    81    29
    83    75
    90    48
    70    42
     4    10
    17    33
    86   100
    48    99] ;
 map255=[
   149   182
   121    44
    62     2
   237    38
   131   105
    63    70
    45   221
    13   158
    65   181
    73    92
   158   211
   157    13
    61   118
   155    87
    26   232
    49   167
    48   215
     7    94
   230     1
   178    67
    71   244
   126   214
   231    71
   158   233
   237     5
   200     8
   222   184
   108    93
   120    84
   147   187
   182   202
    68   188
    79   146
    78   179
    80   173
   239     3
    21   248
   133     6
    55   205
   154   187
   118    11
    51   197
   147   183
   200   123
   110   244
   226   245
    58   251
    71    74
   237   237
    29    89
   191    85
    50    21
    19    37
     5   211
   112   211
   109   231
   164    88
    25   176
    18    44
    15   224
   142   229
   109   248
    78   181
   192    42
   167   150
   133   129
   176   121
    72    77
   232    29
    51   150
   224   210
   116    59
   215   164
   158    87
   152    13
   183     6
    67   161
    28   185
   106    88
    31    70
    43    92
    36   191
    97    87
   243   158
    73    59
   112    16
   139   170
   161    48
    35    48
   226   168
   239    30
    15   233
   137    32
   126   249
   181   150
   135   130
    23   150
   127   237
   111   198
   131   253
   237   123
   234    69
   223   235
   184   118
   150   222
   254   248
   219   191
    45   127
   223    78
    37    29
   143    17
   114    69
   174   101
   164   196
   238   168
   202    27
   130   100
     5    80
   147   124
    46   251
    60    19
   153   168
   116   163
    91   230
    32    46
   233   215
    12   235
   125    34
   198    67
   115   143
   161     6
   246   172
   214   147
    48   185
    64   162
   164    34
   179   186
   118   172
    52   253
    56    95
   105   159
   162     3
    58    66
   133   117
   140   105
   227   122
   199   141
   234   131
   106   138
   227   113
    52   246
   246   229
   203   152
   234    30
   178   235
    32   148
    90   245
    63    95
    98   171
    59   116
   131   106
    35   251
   237   243
   191    16
    39   207
    94   218
    87    84
    64   241
   181   147
    36   250
    25   174
    30   170
    15    28
   170   241
    16   178
   118   251
    91    84
    19    27
    80   133
   223   121
   249   178
   225    85
   190    24
   229    16
   249    83
   232   170
    97   196
   189   165
   145   214
   208    76
    39   151
   112   245
   158   131
   230    29
    80   201
   192    30
   239   112
   181    88
   213   114
     3   131
   221   130
   233   105
    99    18
   235   174
    71    68
    48   171
   142    76
   110   176
    23   105
   133   220
   204    47
    19   134
   220    60
   184    29
    60   251
   252   176
   199    85
    60    53
     3    22
    57    18
   182   246
   227   208
   231   170
    50    75
    84    85
   189    16
   111   190
    39   122
    86   252
   224   143
    39   132
    16   129
    64   250
   202   224
   228    20
    28   250
   203    34
   148    15
   115   225
   155   242
   224    79
    10   177
    54   229
   175   220
   155     9
   163   160
   147    61
    55    28
    97   218
    75   138
   190   227
    90   239
   157    90
   117    46
   170   170]; 
